10 0
30 0
50 0
70 0
90 0
110 0
130 0
150 0
170 0
190 0
210 0
230 0
250 0
270 0
290 0
310 0
330 0
350 0
370 0
390 0
410 0
430 0
450 0
470 0
490 0
510 0
530 0
550 0
570 0
590 0
610 0
630 0
650 0
670 0
690 0
710 0
730 0
750 0
770 0
790 0
810 0
830 0
850 0
870 0
890 0
910 0
930 0
950 0
970 0
990 0
1010 0
1030 0
1050 0
1070 0
1090 0
1110 0
1130 0
1150 0
1170 0
1190 0
1210 0
1230 0
1250 0
1270 0
1290 0
1310 0
1330 0
1350 0
1370 0
1390 0
1410 0
1430 0
1450 0
1470 0
1490 0
1510 0
1530 0
1550 0
1570 0
1590 0
1610 0
1630 0
1650 0
1670 0
1690 0
1710 0
1730 0
1750 0
1770 0
1790 0
1810 0
1830 0
1850 0
1870 0
1890 0
1910 0
1930 0
1950 0
1970 0
1990 0
2010 0
2030 0
2050 0
2070 0
2090 0
2110 0
2130 0
2150 0
2170 0
2190 0
2210 0
2230 0
2250 0
2270 0
2290 0
2310 0
2330 0
2350 0
2370 0
2390 0
2410 0
2430 0
2450 0
2470 0
2490 0
2510 0
2530 0
2550 0
2570 0
2590 0
2610 0
2630 0
2650 0
2670 0
2690 0
2710 0
2730 0
2750 0
2770 0
2790 0
2810 0
2830 0
2850 0
2870 0
2890 0
2910 0
2930 0
2950 0
2970 0
2990 0
3010 0
3030 0
3050 0
3070 0
3090 0
3110 0
3130 0
3150 0
3170 0
3190 0
3210 0
3230 0
3250 0
3270 0
3290 0
3310 0
3330 0
3350 0
3370 0
3390 0
3410 0
3430 0
3450 0
3470 0
3490 0
3510 0
3530 0
3550 0
3570 0
3590 0
3610 0
3630 0
3650 0
3670 0
3690 0
3710 0
3730 0
3750 0
3770 0
3790 0
3810 0
3830 0
3850 0
3870 0
3890 0
3910 0
3930 0
3950 0
3970 0
3990 0
4010 0
4030 0
4050 0
4070 0
4090 0
4110 0
4130 0
4150 0
4170 0
4190 0
4210 0
4230 0
4250 0
4270 0
4290 0
4310 0
4330 0
4350 0
4370 0
4390 0
4410 0
4430 0
4450 0
4470 0
4490 0
4510 0
4530 0
4550 0
4570 0
4590 0
4610 0
4630 0
4650 0
4670 0
4690 0
4710 0
4730 0
4750 0
4770 0
4790 0
4810 0
4830 0
4850 0
4870 0
4890 0
4910 0
4930 0
4950 0
4970 0
4990 0
5010 0
5030 0
5050 0
5070 0
5090 0
5110 0
5130 0
5150 0
5170 0
5190 0
5210 0
5230 0
5250 0
5270 0
5290 0
5310 0
5330 0
5350 0
5370 0
5390 0
5410 0
5430 0
5450 0
5470 0
5490 0
5510 0
5530 0
5550 0
5570 0
5590 0
5610 0
5630 0
5650 0
5670 0
5690 0
5710 0
5730 0
5750 0
5770 0
5790 0
5810 0
5830 0
5850 0
5870 0
5890 0
5910 0
5930 0
5950 0
5970 0
5990 0
6010 3.1768e-09
6030 3.10824e-09
6050 3.02776e-09
6070 2.91947e-09
6090 2.82701e-09
6110 2.72671e-09
6130 2.65193e-09
6150 2.56613e-09
6170 2.50703e-09
6190 2.44867e-09
6210 2.36613e-09
6230 2.27766e-09
6250 2.21797e-09
6270 2.15732e-09
6290 2.0707e-09
6310 2.01197e-09
6330 1.94082e-09
6350 1.89836e-09
6370 1.85908e-09
6390 1.78016e-09
6410 1.72994e-09
6430 1.67942e-09
6450 1.62831e-09
6470 1.58459e-09
6490 1.53962e-09
6510 1.48585e-09
6530 1.4607e-09
6550 1.38207e-09
6570 1.36129e-09
6590 1.3206e-09
6610 1.29538e-09
6630 1.25041e-09
6650 1.19138e-09
6670 1.17519e-09
6690 1.13687e-09
6710 1.11268e-09
6730 1.07696e-09
6750 1.04634e-09
6770 1.01054e-09
6790 9.87976e-10
6810 9.66303e-10
6830 9.2074e-10
6850 8.91227e-10
6870 8.75324e-10
6890 8.39376e-10
6910 8.22881e-10
6930 8.0476e-10
6950 7.7791e-10
6970 7.48101e-10
6990 7.17701e-10
7010 7.08972e-10
7030 6.78868e-10
7050 6.56382e-10
7070 6.54829e-10
7090 6.17254e-10
7110 6.11188e-10
7130 5.96543e-10
7150 5.73021e-10
7170 5.58894e-10
7190 5.37295e-10
7210 5.23981e-10
7230 4.96466e-10
7250 4.96688e-10
7270 4.64956e-10
7290 4.5645e-10
7310 4.46538e-10
7330 4.3278e-10
7350 4.18726e-10
7370 4.14584e-10
7390 3.9698e-10
7410 3.8337e-10
7430 3.80116e-10
7450 3.55633e-10
7470 3.44686e-10
7490 3.40322e-10
7510 3.26638e-10
7530 3.13841e-10
7550 3.10957e-10
7570 2.97569e-10
7590 2.89876e-10
7610 2.74935e-10
7630 2.68056e-10
7650 2.61917e-10
7670 2.53854e-10
7690 2.39283e-10
7710 2.42242e-10
7730 2.32182e-10
7750 2.25599e-10
7770 2.20051e-10
7790 2.03409e-10
7810 1.97122e-10
7830 1.87802e-10
7850 1.92832e-10
7870 1.86249e-10
7890 1.82846e-10
7910 1.67239e-10
7930 1.66573e-10
7950 1.64502e-10
7970 1.58881e-10
7990 1.55626e-10
8010 1.47268e-10
8030 1.38984e-10
8050 1.38096e-10
8070 1.36469e-10
8090 1.26557e-10
8110 1.28333e-10
8130 1.17903e-10
8150 1.15684e-10
8170 1.1058e-10
8190 1.1169e-10
8210 1.05477e-10
8230 1.05625e-10
8250 9.97813e-11
8270 9.47516e-11
8290 9.03136e-11
8310 8.37305e-11
8330 8.7059e-11
8350 8.86123e-11
8370 8.02541e-11
8390 7.61119e-11
8410 7.67776e-11
8430 7.1526e-11
8450 6.86413e-11
8470 7.06384e-11
8490 6.2576e-11
8510 6.63483e-11
8530 6.10227e-11
8550 5.78421e-11
8570 5.5845e-11
8590 5.20727e-11
8610 5.19247e-11
8630 5.01495e-11
8650 5.19247e-11
8670 4.32706e-11
8690 4.06818e-11
8710 4.63033e-11
8730 4.57855e-11
8750 4.21611e-11
8770 3.97942e-11
8790 3.72053e-11
8810 3.89805e-11
8830 3.5726e-11
8850 3.33591e-11
8870 3.22496e-11
8890 3.04004e-11
8910 3.18058e-11
8930 3.01045e-11
8950 2.63322e-11
8970 2.78115e-11
8990 2.51487e-11
9010 2.09326e-11
9030 2.41872e-11
9050 2.30037e-11
9070 2.16723e-11
9090 2.16723e-11
9110 1.88616e-11
9130 1.80479e-11
9150 1.94533e-11
9170 1.93793e-11
9190 1.7826e-11
9210 1.73082e-11
9230 1.64206e-11
9250 1.59768e-11
9270 1.44235e-11
9290 1.39058e-11
9310 1.39797e-11
9330 1.23525e-11
9350 1.10211e-11
9370 1.20566e-11
9390 1.02074e-11
9410 1.13169e-11
9430 1.07252e-11
9450 8.72809e-12
9470 9.61569e-12
9490 1.08731e-11
9510 8.06239e-12
9530 7.98842e-12
9550 6.73099e-12
9570 8.80206e-12
9590 6.13925e-12
9610 7.84049e-12
9630 6.95289e-12
9650 5.84338e-12
9670 5.54752e-12
9690 6.06528e-12
9710 6.87892e-12
9730 4.65991e-12
9750 5.32561e-12
9770 5.84338e-12
9790 6.06528e-12
9810 3.99421e-12
9830 4.65991e-12
9850 3.77231e-12
9870 3.55041e-12
9890 4.06818e-12
9910 2.88471e-12
9930 3.69834e-12
9950 2.66281e-12
9970 2.81074e-12
9990 3.40248e-12
