10 0
30 0
50 0
70 0
90 0
110 0
130 0
150 0
170 0
190 0
210 0
230 0
250 0
270 0
290 0
310 0
330 0
350 0
370 0
390 0
410 0
430 0
450 0
470 0
490 0
510 0
530 0
550 0
570 0
590 0
610 0
630 0
650 0
670 0
690 0
710 0
730 0
750 0
770 0
790 0
810 0
830 0
850 0
870 0
890 0
910 0
930 0
950 0
970 0
990 0
1010 0
1030 0
1050 0
1070 0
1090 0
1110 0
1130 0
1150 0
1170 0
1190 0
1210 0
1230 0
1250 0
1270 0
1290 0
1310 0
1330 0
1350 0
1370 0
1390 0
1410 0
1430 0
1450 0
1470 0
1490 0
1510 0
1530 0
1550 0
1570 0
1590 0
1610 0
1630 0
1650 0
1670 0
1690 0
1710 0
1730 0
1750 0
1770 0
1790 0
1810 0
1830 0
1850 0
1870 0
1890 0
1910 0
1930 0
1950 0
1970 0
1990 0
2010 0
2030 0
2050 0
2070 0
2090 0
2110 0
2130 0
2150 0
2170 0
2190 0
2210 0
2230 0
2250 0
2270 0
2290 0
2310 0
2330 0
2350 0
2370 0
2390 0
2410 0
2430 0
2450 0
2470 0
2490 0
2510 0
2530 0
2550 0
2570 0
2590 0
2610 0
2630 0
2650 0
2670 0
2690 0
2710 0
2730 0
2750 0
2770 0
2790 0
2810 0
2830 0
2850 0
2870 0
2890 0
2910 0
2930 0
2950 0
2970 0
2990 0
3010 0
3030 0
3050 0
3070 0
3090 0
3110 0
3130 0
3150 0
3170 0
3190 0
3210 0
3230 0
3250 0
3270 0
3290 0
3310 0
3330 0
3350 0
3370 0
3390 0
3410 0
3430 0
3450 0
3470 0
3490 0
3510 0
3530 0
3550 0
3570 0
3590 0
3610 0
3630 0
3650 0
3670 0
3690 0
3710 0
3730 0
3750 0
3770 0
3790 0
3810 0
3830 0
3850 0
3870 0
3890 0
3910 0
3930 0
3950 0
3970 0
3990 0
4010 0
4030 0
4050 0
4070 0
4090 0
4110 0
4130 0
4150 0
4170 0
4190 0
4210 0
4230 0
4250 0
4270 0
4290 0
4310 0
4330 0
4350 0
4370 0
4390 0
4410 0
4430 0
4450 0
4470 0
4490 0
4510 0
4530 0
4550 0
4570 0
4590 0
4610 0
4630 0
4650 0
4670 0
4690 0
4710 0
4730 0
4750 0
4770 0
4790 0
4810 0
4830 0
4850 0
4870 0
4890 0
4910 0
4930 0
4950 0
4970 0
4990 0
5010 0
5030 0
5050 0
5070 0
5090 0
5110 0
5130 0
5150 0
5170 0
5190 0
5210 0
5230 0
5250 0
5270 0
5290 0
5310 0
5330 0
5350 0
5370 0
5390 0
5410 0
5430 0
5450 0
5470 0
5490 0
5510 0
5530 0
5550 0
5570 0
5590 0
5610 0
5630 0
5650 0
5670 0
5690 0
5710 0
5730 0
5750 0
5770 0
5790 0
5810 0
5830 0
5850 0
5870 0
5890 0
5910 0
5930 0
5950 0
5970 0
5990 0
6010 3.13445e-09
6030 3.08277e-09
6050 2.98842e-09
6070 2.88366e-09
6090 2.81659e-09
6110 2.71183e-09
6130 2.64638e-09
6150 2.55012e-09
6170 2.47061e-09
6190 2.41035e-09
6210 2.3437e-09
6230 2.2774e-09
6250 2.16329e-09
6270 2.13243e-09
6290 2.08321e-09
6310 2.02893e-09
6330 1.94218e-09
6350 1.86174e-09
6370 1.82209e-09
6390 1.77962e-09
6410 1.72303e-09
6430 1.66706e-09
6450 1.64351e-09
6470 1.5834e-09
6490 1.52174e-09
6510 1.47491e-09
6530 1.45839e-09
6550 1.39026e-09
6570 1.35553e-09
6590 1.31405e-09
6610 1.27882e-09
6630 1.22912e-09
6650 1.20416e-09
6670 1.17758e-09
6690 1.12998e-09
6710 1.1013e-09
6730 1.07458e-09
6750 1.03373e-09
6770 1.00962e-09
6790 9.64971e-10
6810 9.38605e-10
6830 9.29395e-10
6850 9.02678e-10
6870 8.6647e-10
6890 8.29769e-10
6910 8.23653e-10
6930 8.00732e-10
6950 7.60727e-10
6970 7.48213e-10
6990 7.2937e-10
7010 7.0188e-10
7030 6.78819e-10
7050 6.60891e-10
7070 6.54071e-10
7090 6.17089e-10
7110 6.02957e-10
7130 5.73991e-10
7150 5.70475e-10
7170 5.55711e-10
7190 5.40454e-10
7210 5.07198e-10
7230 4.97285e-10
7250 4.81958e-10
7270 4.72818e-10
7290 4.68459e-10
7310 4.48914e-10
7330 4.2747e-10
7350 4.11229e-10
7370 3.95902e-10
7390 3.88801e-10
7410 3.8416e-10
7430 3.62717e-10
7450 3.5885e-10
7470 3.45491e-10
7490 3.34312e-10
7510 3.1786e-10
7530 3.16946e-10
7550 2.9944e-10
7570 2.93534e-10
7590 2.91565e-10
7610 2.82355e-10
7630 2.63231e-10
7650 2.55146e-10
7670 2.55216e-10
7690 2.42912e-10
7710 2.38694e-10
7730 2.31663e-10
7750 2.2414e-10
7770 2.14508e-10
7790 2.0797e-10
7810 1.98759e-10
7830 1.9194e-10
7850 1.93205e-10
7870 1.83854e-10
7890 1.77316e-10
7910 1.70074e-10
7930 1.66769e-10
7950 1.59036e-10
7970 1.54466e-10
7990 1.47646e-10
