10 0
30 0
50 0
70 0
90 0
110 0
130 0
150 0
170 0
190 0
210 0
230 0
250 0
270 0
290 0
310 0
330 0
350 0
370 0
390 0
410 0
430 0
450 0
470 0
490 0
510 0
530 0
550 0
570 0
590 0
610 0
630 0
650 0
670 0
690 0
710 0
730 0
750 0
770 0
790 0
810 0
830 0
850 0
870 0
890 0
910 0
930 0
950 0
970 0
990 0
1010 0
1030 0
1050 0
1070 0
1090 0
1110 0
1130 0
1150 0
1170 0
1190 0
1210 0
1230 0
1250 0
1270 0
1290 0
1310 0
1330 0
1350 0
1370 0
1390 0
1410 0
1430 0
1450 0
1470 0
1490 0
1510 0
1530 0
1550 0
1570 0
1590 0
1610 0
1630 0
1650 0
1670 0
1690 0
1710 0
1730 0
1750 0
1770 0
1790 0
1810 0
1830 0
1850 0
1870 0
1890 0
1910 0
1930 0
1950 0
1970 0
1990 0
2010 0
2030 0
2050 0
2070 0
2090 0
2110 0
2130 0
2150 0
2170 0
2190 0
2210 0
2230 0
2250 0
2270 0
2290 0
2310 0
2330 0
2350 0
2370 0
2390 0
2410 0
2430 0
2450 0
2470 0
2490 0
2510 0
2530 0
2550 0
2570 0
2590 0
2610 0
2630 0
2650 0
2670 0
2690 0
2710 0
2730 0
2750 0
2770 0
2790 0
2810 0
2830 0
2850 0
2870 0
2890 0
2910 0
2930 0
2950 0
2970 0
2990 0
3010 1.69683e-06
3030 1.61758e-06
3050 1.5272e-06
3070 1.44588e-06
3090 1.38379e-06
3110 1.31316e-06
3130 1.24749e-06
3150 1.17664e-06
3170 1.12402e-06
3190 1.05907e-06
3210 1.01123e-06
3230 9.59225e-07
3250 9.17419e-07
3270 8.74816e-07
3290 8.22459e-07
3310 7.88018e-07
3330 7.48733e-07
3350 7.09471e-07
3370 6.76092e-07
3390 6.31388e-07
3410 6.119e-07
3430 5.79871e-07
3450 5.50186e-07
3470 5.25898e-07
3490 4.98647e-07
3510 4.7155e-07
3530 4.50691e-07
3550 4.24059e-07
3570 4.1218e-07
3590 3.89441e-07
3610 3.71192e-07
3630 3.52192e-07
3650 3.38588e-07
3670 3.25117e-07
3690 3.02887e-07
3710 2.91207e-07
3730 2.82647e-07
3750 2.6661e-07
3770 2.49622e-07
3790 2.40641e-07
3810 2.31793e-07
3830 2.19207e-07
3850 2.08966e-07
3870 2.00958e-07
3890 1.8793e-07
3910 1.80498e-07
3930 1.73486e-07
3950 1.64439e-07
3970 1.60059e-07
3990 1.51189e-07
4010 6.19355e-10
4030 0
4050 0
4070 0
4090 0
4110 0
4130 0
4150 0
4170 0
4190 0
4210 0
4230 0
4250 0
4270 0
4290 0
4310 0
4330 0
4350 0
4370 0
4390 0
4410 0
4430 0
4450 0
4470 0
4490 0
4510 0
4530 0
4550 0
4570 0
4590 0
4610 0
4630 0
4650 0
4670 0
4690 0
4710 0
4730 0
4750 0
4770 0
4790 0
4810 0
4830 0
4850 0
4870 0
4890 0
4910 0
4930 0
4950 0
4970 0
4990 0
5010 0
5030 0
5050 0
5070 0
5090 0
5110 0
5130 0
5150 0
5170 0
5190 0
5210 0
5230 0
5250 0
5270 0
5290 0
5310 0
5330 0
5350 0
5370 0
5390 0
5410 0
5430 0
5450 0
5470 0
5490 0
5510 0
5530 0
5550 0
5570 0
5590 0
5610 0
5630 0
5650 0
5670 0
5690 0
5710 0
5730 0
5750 0
5770 0
5790 0
5810 0
5830 0
5850 0
5870 0
5890 0
5910 0
5930 0
5950 0
5970 0
5990 0
6010 0
6030 0
6050 0
6070 0
6090 0
6110 0
6130 0
6150 0
6170 0
6190 0
6210 0
6230 0
6250 0
6270 0
6290 0
6310 0
6330 0
6350 0
6370 0
6390 0
6410 0
6430 0
6450 0
6470 0
6490 0
6510 0
6530 0
6550 0
6570 0
6590 0
6610 0
6630 0
6650 0
6670 0
6690 0
6710 0
6730 0
6750 0
6770 0
6790 0
6810 0
6830 0
6850 0
6870 0
6890 0
6910 0
6930 0
6950 0
6970 0
6990 0
7010 0
7030 0
7050 0
7070 0
7090 0
7110 0
7130 0
7150 0
7170 0
7190 0
7210 0
7230 0
7250 0
7270 0
7290 0
7310 0
7330 0
7350 0
7370 0
7390 0
7410 0
7430 0
7450 0
7470 0
7490 0
7510 0
7530 0
7550 0
7570 0
7590 0
7610 0
7630 0
7650 0
7670 0
7690 0
7710 0
7730 0
7750 0
7770 0
7790 0
7810 0
7830 0
7850 0
7870 0
7890 0
7910 0
7930 0
7950 0
7970 0
7990 0
8010 0
8030 0
8050 0
8070 0
8090 0
8110 0
8130 0
8150 0
8170 0
8190 0
8210 0
8230 0
8250 0
8270 0
8290 0
8310 0
8330 0
8350 0
8370 0
8390 0
8410 0
8430 0
8450 0
8470 0
8490 0
8510 0
8530 0
8550 0
8570 0
8590 0
8610 0
8630 0
8650 0
8670 0
8690 0
8710 0
8730 0
8750 0
8770 0
8790 0
8810 0
8830 0
8850 0
8870 0
8890 0
8910 0
8930 0
8950 0
8970 0
8990 0
9010 0
9030 0
9050 0
9070 0
9090 0
9110 0
9130 0
9150 0
9170 0
9190 0
9210 0
9230 0
9250 0
9270 0
9290 0
9310 0
9330 0
9350 0
9370 0
9390 0
9410 0
9430 0
9450 0
9470 0
9490 0
9510 0
9530 0
9550 0
9570 0
9590 0
9610 0
9630 0
9650 0
9670 0
9690 0
9710 0
9730 0
9750 0
9770 0
9790 0
9810 0
9830 0
9850 0
9870 0
9890 0
9910 0
9930 0
9950 0
9970 0
9990 0
