10 0
30 0
50 0
70 0
90 0
110 0
130 0
150 0
170 0
190 0
210 0
230 0
250 0
270 0
290 0
310 0
330 0
350 0
370 0
390 0
410 0
430 0
450 0
470 0
490 0
510 0
530 0
550 0
570 0
590 0
610 0
630 0
650 0
670 0
690 0
710 0
730 0
750 0
770 0
790 0
810 0
830 0
850 0
870 0
890 0
910 0
930 0
950 0
970 0
990 0
1010 0
1030 0
1050 0
1070 0
1090 0
1110 0
1130 0
1150 0
1170 0
1190 0
1210 0
1230 0
1250 0
1270 0
1290 0
1310 0
1330 0
1350 0
1370 0
1390 0
1410 0
1430 0
1450 0
1470 0
1490 0
1510 0
1530 0
1550 0
1570 0
1590 0
1610 0
1630 0
1650 0
1670 0
1690 0
1710 0
1730 0
1750 0
1770 0
1790 0
1810 0
1830 0
1850 0
1870 0
1890 0
1910 0
1930 0
1950 0
1970 0
1990 0
2010 0
2030 0
2050 0
2070 0
2090 0
2110 0
2130 0
2150 0
2170 0
2190 0
2210 0
2230 0
2250 0
2270 0
2290 0
2310 0
2330 0
2350 0
2370 0
2390 0
2410 0
2430 0
2450 0
2470 0
2490 0
2510 0
2530 0
2550 0
2570 0
2590 0
2610 0
2630 0
2650 0
2670 0
2690 0
2710 0
2730 0
2750 0
2770 0
2790 0
2810 0
2830 0
2850 0
2870 0
2890 0
2910 0
2930 0
2950 0
2970 0
2990 0
3010 0
3030 0
3050 0
3070 0
3090 0
3110 0
3130 0
3150 0
3170 0
3190 0
3210 0
3230 0
3250 0
3270 0
3290 0
3310 0
3330 0
3350 0
3370 0
3390 0
3410 0
3430 0
3450 0
3470 0
3490 0
3510 0
3530 0
3550 0
3570 0
3590 0
3610 0
3630 0
3650 0
3670 0
3690 0
3710 0
3730 0
3750 0
3770 0
3790 0
3810 0
3830 0
3850 0
3870 0
3890 0
3910 0
3930 0
3950 0
3970 0
3990 1.37026e-10
4010 1.42186e-07
4030 1.39125e-07
4050 1.34489e-07
4070 1.27701e-07
4090 1.20436e-07
4110 1.16789e-07
4130 1.11643e-07
4150 1.06098e-07
4170 1.01743e-07
4190 9.84347e-08
4210 9.43506e-08
4230 9.04638e-08
4250 8.62026e-08
4270 8.28605e-08
4290 7.98861e-08
4310 7.61897e-08
4330 7.28877e-08
4350 7.00302e-08
4370 6.74735e-08
4390 6.49168e-08
4410 6.232e-08
4430 6.01577e-08
4450 5.72868e-08
4470 5.4319e-08
4490 5.25878e-08
4510 5.08934e-08
4530 4.88647e-08
4550 4.70299e-08
4570 4.50915e-08
4590 4.38583e-08
4610 4.197e-08
4630 4.02589e-08
4650 3.85978e-08
4670 3.72109e-08
4690 3.54563e-08
4710 3.46876e-08
4730 3.38554e-08
4750 3.17666e-08
4770 3.05534e-08
4790 2.93569e-08
4810 2.84947e-08
4830 2.73751e-08
4850 2.64961e-08
4870 2.52094e-08
4890 2.42903e-08
4910 2.4033e-08
4930 2.33846e-08
4950 2.21146e-08
4970 2.15832e-08
4990 2.02163e-08
5010 1.96549e-08
5030 1.94978e-08
5050 1.89965e-08
5070 1.81075e-08
5090 1.7292e-08
5110 1.68642e-08
5130 1.58081e-08
5150 1.6042e-08
5170 1.51196e-08
5190 1.45013e-08
5210 1.41772e-08
5230 1.35221e-08
5250 1.33517e-08
5270 1.2212e-08
5290 1.24259e-08
5310 1.21184e-08
5330 1.14801e-08
5350 1.09988e-08
5370 1.07248e-08
5390 1.01299e-08
5410 9.89928e-09
5430 9.64194e-09
5450 9.49155e-09
5470 9.28099e-09
5490 8.65268e-09
5510 8.69279e-09
5530 8.32181e-09
5550 8.25163e-09
5570 7.72358e-09
5590 7.56984e-09
5610 7.32587e-09
5630 7.34926e-09
5650 6.83792e-09
5670 7.05182e-09
5690 6.67416e-09
5710 6.40679e-09
5730 5.99906e-09
5750 6.13943e-09
5770 5.85535e-09
5790 5.5579e-09
5810 5.34735e-09
5830 5.25711e-09
5850 5.28051e-09
5870 5.1769e-09
5890 4.77251e-09
5910 4.58201e-09
5930 4.33804e-09
5950 4.5018e-09
5970 4.14085e-09
5990 3.92696e-09
6010 1.00263e-11
6030 0
6050 0
6070 0
6090 0
6110 0
6130 0
6150 0
6170 0
6190 0
6210 0
6230 0
6250 0
6270 0
6290 0
6310 0
6330 0
6350 0
6370 0
6390 0
6410 0
6430 0
6450 0
6470 0
6490 0
6510 0
6530 0
6550 0
6570 0
6590 0
6610 0
6630 0
6650 0
6670 0
6690 0
6710 0
6730 0
6750 0
6770 0
6790 0
6810 0
6830 0
6850 0
6870 0
6890 0
6910 0
6930 0
6950 0
6970 0
6990 0
7010 0
7030 0
7050 0
7070 0
7090 0
7110 0
7130 0
7150 0
7170 0
7190 0
7210 0
7230 0
7250 0
7270 0
7290 0
7310 0
7330 0
7350 0
7370 0
7390 0
7410 0
7430 0
7450 0
7470 0
7490 0
7510 0
7530 0
7550 0
7570 0
7590 0
7610 0
7630 0
7650 0
7670 0
7690 0
7710 0
7730 0
7750 0
7770 0
7790 0
7810 0
7830 0
7850 0
7870 0
7890 0
7910 0
7930 0
7950 0
7970 0
7990 0
