10 0
30 0
50 0
70 0
90 0
110 0
130 0
150 0
170 0
190 0
210 0
230 0
250 0
270 0
290 0
310 0
330 0
350 0
370 0
390 0
410 0
430 0
450 0
470 0
490 0
510 0
530 0
550 0
570 0
590 0
610 0
630 0
650 0
670 0
690 0
710 0
730 0
750 0
770 0
790 0
810 0
830 0
850 0
870 0
890 0
910 0
930 0
950 0
970 0
990 0
1010 0
1030 0
1050 0
1070 0
1090 0
1110 0
1130 0
1150 0
1170 0
1190 0
1210 0
1230 0
1250 0
1270 0
1290 0
1310 0
1330 0
1350 0
1370 0
1390 0
1410 0
1430 0
1450 0
1470 0
1490 0
1510 0
1530 0
1550 0
1570 0
1590 0
1610 0
1630 0
1650 0
1670 0
1690 0
1710 0
1730 0
1750 0
1770 0
1790 0
1810 0
1830 0
1850 0
1870 0
1890 0
1910 0
1930 0
1950 0
1970 0
1990 0
2010 0
2030 0
2050 0
2070 0
2090 0
2110 0
2130 0
2150 0
2170 0
2190 0
2210 0
2230 0
2250 0
2270 0
2290 0
2310 0
2330 0
2350 0
2370 0
2390 0
2410 0
2430 0
2450 0
2470 0
2490 0
2510 0
2530 0
2550 0
2570 0
2590 0
2610 0
2630 0
2650 0
2670 0
2690 0
2710 0
2730 0
2750 0
2770 0
2790 0
2810 0
2830 0
2850 0
2870 0
2890 0
2910 0
2930 0
2950 0
2970 0
2990 0
3010 0
3030 0
3050 0
3070 0
3090 0
3110 0
3130 0
3150 0
3170 0
3190 0
3210 0
3230 0
3250 0
3270 0
3290 0
3310 0
3330 0
3350 0
3370 0
3390 0
3410 0
3430 0
3450 0
3470 0
3490 0
3510 0
3530 0
3550 0
3570 0
3590 0
3610 0
3630 0
3650 0
3670 0
3690 0
3710 0
3730 0
3750 0
3770 0
3790 0
3810 0
3830 0
3850 0
3870 0
3890 0
3910 0
3930 0
3950 0
3970 0
3990 0
4010 0
4030 0
4050 0
4070 0
4090 0
4110 0
4130 0
4150 0
4170 0
4190 0
4210 0
4230 0
4250 0
4270 0
4290 0
4310 0
4330 0
4350 0
4370 0
4390 0
4410 0
4430 0
4450 0
4470 0
4490 0
4510 0
4530 0
4550 0
4570 0
4590 0
4610 0
4630 0
4650 0
4670 0
4690 0
4710 0
4730 0
4750 0
4770 0
4790 0
4810 0
4830 0
4850 0
4870 0
4890 0
4910 0
4930 0
4950 0
4970 0
4990 0
5010 0
5030 0
5050 0
5070 0
5090 0
5110 0
5130 0
5150 0
5170 0
5190 0
5210 0
5230 0
5250 0
5270 0
5290 0
5310 0
5330 0
5350 0
5370 0
5390 0
5410 0
5430 0
5450 0
5470 0
5490 0
5510 0
5530 0
5550 0
5570 0
5590 0
5610 0
5630 0
5650 0
5670 0
5690 0
5710 0
5730 0
5750 0
5770 0
5790 0
5810 0
5830 0
5850 0
5870 0
5890 0
5910 0
5930 0
5950 0
5970 0
5990 5.507e-12
6010 3.87498e-09
6030 3.89586e-09
6050 3.82152e-09
6070 3.73363e-09
6090 3.62372e-09
6110 3.51989e-09
6130 3.37935e-09
6150 3.29732e-09
6170 3.2162e-09
6190 3.09528e-09
6210 3.04136e-09
6230 2.9755e-09
6250 2.89967e-09
6270 2.79159e-09
6290 2.70015e-09
6310 2.64221e-09
6330 2.56741e-09
6350 2.49261e-09
6370 2.41551e-09
6390 2.36285e-09
6410 2.27795e-09
6430 2.23458e-09
6450 2.16368e-09
6470 2.08922e-09
6490 2.03117e-09
6510 1.96611e-09
6530 1.89338e-09
6550 1.87926e-09
6570 1.81203e-09
6590 1.78048e-09
6610 1.69753e-09
6630 1.68491e-09
6650 1.61539e-09
6670 1.589e-09
6690 1.51684e-09
6710 1.48689e-09
6730 1.44306e-09
6750 1.42264e-09
6770 1.37239e-09
6790 1.3086e-09
6810 1.29805e-09
6830 1.22129e-09
6850 1.22921e-09
6870 1.17127e-09
6890 1.12377e-09
6910 1.11781e-09
6930 1.09498e-09
6950 1.05276e-09
6970 1.00216e-09
6990 9.83803e-10
7010 9.49843e-10
7030 9.14163e-10
7050 9.04296e-10
7070 8.85939e-10
7090 8.44407e-10
7110 8.2192e-10
7130 8.18937e-10
7150 7.72472e-10
7170 7.50329e-10
7190 7.36791e-10
7210 7.17631e-10
7230 6.95948e-10
7250 6.81033e-10
7270 6.55104e-10
7290 6.44664e-10
7310 6.16211e-10
7330 6.02673e-10
7350 5.72958e-10
7370 5.58617e-10
7390 5.48176e-10
7410 5.24198e-10
7430 5.06415e-10
7450 4.96548e-10
7470 4.89894e-10
7490 4.5559e-10
7510 4.5536e-10
7530 4.34021e-10
7550 4.30923e-10
7570 4.0901e-10
7590 4.0878e-10
7610 3.91456e-10
7630 3.81245e-10
7650 3.6438e-10
7670 3.58299e-10
7690 3.34321e-10
7710 3.39599e-10
7730 3.25946e-10
7750 3.21586e-10
7770 3.04836e-10
7790 2.91756e-10
7810 2.9038e-10
7830 2.70532e-10
7850 2.8166e-10
7870 2.50798e-10
7890 2.51372e-10
7910 2.43341e-10
7930 2.40702e-10
7950 2.27967e-10
7970 2.21427e-10
7990 2.2028e-10
