10 0
30 0
50 0
70 0
90 0
110 0
130 0
150 0
170 0
190 0
210 0
230 0
250 0
270 0
290 0
310 0
330 0
350 0
370 0
390 0
410 0
430 0
450 0
470 0
490 0
510 0
530 0
550 0
570 0
590 0
610 0
630 0
650 0
670 0
690 0
710 0
730 0
750 0
770 0
790 0
810 0
830 0
850 0
870 0
890 0
910 0
930 0
950 0
970 0
990 0
1010 0
1030 0
1050 0
1070 0
1090 0
1110 0
1130 0
1150 0
1170 0
1190 0
1210 0
1230 0
1250 0
1270 0
1290 0
1310 0
1330 0
1350 0
1370 0
1390 0
1410 0
1430 0
1450 0
1470 0
1490 0
1510 0
1530 0
1550 0
1570 0
1590 0
1610 0
1630 0
1650 0
1670 0
1690 0
1710 0
1730 0
1750 0
1770 0
1790 0
1810 0
1830 0
1850 0
1870 0
1890 0
1910 0
1930 0
1950 0
1970 0
1990 0
2010 0
2030 0
2050 0
2070 0
2090 0
2110 0
2130 0
2150 0
2170 0
2190 0
2210 0
2230 0
2250 0
2270 0
2290 0
2310 0
2330 0
2350 0
2370 0
2390 0
2410 0
2430 0
2450 0
2470 0
2490 0
2510 0
2530 0
2550 0
2570 0
2590 0
2610 0
2630 0
2650 0
2670 0
2690 0
2710 0
2730 0
2750 0
2770 0
2790 0
2810 0
2830 0
2850 0
2870 0
2890 0
2910 0
2930 0
2950 0
2970 0
2990 0
3010 0
3030 0
3050 0
3070 0
3090 0
3110 0
3130 0
3150 0
3170 0
3190 0
3210 0
3230 0
3250 0
3270 0
3290 0
3310 0
3330 0
3350 0
3370 0
3390 0
3410 0
3430 0
3450 0
3470 0
3490 0
3510 0
3530 0
3550 0
3570 0
3590 0
3610 0
3630 0
3650 0
3670 0
3690 0
3710 0
3730 0
3750 0
3770 0
3790 0
3810 0
3830 0
3850 0
3870 0
3890 0
3910 0
3930 0
3950 0
3970 0
3990 1.67105e-10
4010 1.39756e-07
4030 1.38246e-07
4050 1.33527e-07
4070 1.27187e-07
4090 1.21786e-07
4110 1.16024e-07
4130 1.11335e-07
4150 1.06613e-07
4170 1.02863e-07
4190 9.77729e-08
4210 9.36421e-08
4230 9.05072e-08
4250 8.66471e-08
4270 8.31112e-08
4290 7.95151e-08
4310 7.63769e-08
4330 7.34358e-08
4350 6.9579e-08
4370 6.79281e-08
4390 6.46996e-08
4410 6.18922e-08
4430 5.92653e-08
4450 5.66786e-08
4470 5.54487e-08
4490 5.24007e-08
4510 5.0733e-08
4530 4.92457e-08
4550 4.65153e-08
4570 4.48342e-08
4590 4.37814e-08
4610 4.23209e-08
4630 3.99614e-08
4650 3.86045e-08
4670 3.72677e-08
4690 3.59676e-08
4710 3.46609e-08
4730 3.29898e-08
4750 3.18134e-08
4770 3.1145e-08
4790 2.91698e-08
4810 2.85749e-08
4830 2.73818e-08
4850 2.64025e-08
4870 2.55336e-08
4890 2.43839e-08
4910 2.37623e-08
4930 2.29101e-08
4950 2.16868e-08
4970 2.12056e-08
4990 2.08914e-08
5010 2.03032e-08
5030 1.90533e-08
5050 1.85486e-08
5070 1.76463e-08
5090 1.71383e-08
5110 1.66804e-08
5130 1.56143e-08
5150 1.56109e-08
5170 1.47854e-08
5190 1.45849e-08
5210 1.40134e-08
5230 1.36224e-08
5250 1.30175e-08
5270 1.24961e-08
5290 1.23825e-08
5310 1.16873e-08
5330 1.14834e-08
5350 1.11492e-08
5370 1.08618e-08
5390 1.06479e-08
5410 1.04775e-08
5430 9.79233e-09
5450 9.48486e-09
5470 9.30439e-09
5490 8.9401e-09
5510 8.28171e-09
5530 8.25497e-09
5550 7.95418e-09
5570 7.95752e-09
5590 7.64337e-09
5610 7.25234e-09
5630 7.07521e-09
5650 6.50037e-09
5670 6.56721e-09
5690 6.50706e-09
5710 6.19958e-09
5730 6.03582e-09
5750 6.02579e-09
5770 5.73503e-09
5790 5.52782e-09
5810 5.4543e-09
5830 5.23038e-09
5850 5.01982e-09
5870 4.64885e-09
5890 4.74911e-09
5910 4.48843e-09
5930 4.5018e-09
5950 4.22106e-09
5970 4.19767e-09
5990 4.08738e-09
6010 3.34209e-12
6030 0
6050 0
6070 0
6090 0
6110 0
6130 0
6150 0
6170 0
6190 0
6210 0
6230 0
6250 0
6270 0
6290 0
6310 0
6330 0
6350 0
6370 0
6390 0
6410 0
6430 0
6450 0
6470 0
6490 0
6510 0
6530 0
6550 0
6570 0
6590 0
6610 0
6630 0
6650 0
6670 0
6690 0
6710 0
6730 0
6750 0
6770 0
6790 0
6810 0
6830 0
6850 0
6870 0
6890 0
6910 0
6930 0
6950 0
6970 0
6990 0
7010 0
7030 0
7050 0
7070 0
7090 0
7110 0
7130 0
7150 0
7170 0
7190 0
7210 0
7230 0
7250 0
7270 0
7290 0
7310 0
7330 0
7350 0
7370 0
7390 0
7410 0
7430 0
7450 0
7470 0
7490 0
7510 0
7530 0
7550 0
7570 0
7590 0
7610 0
7630 0
7650 0
7670 0
7690 0
7710 0
7730 0
7750 0
7770 0
7790 0
7810 0
7830 0
7850 0
7870 0
7890 0
7910 0
7930 0
7950 0
7970 0
7990 0
