10 0
30 0
50 0
70 0
90 0
110 0
130 0
150 0
170 0
190 0
210 0
230 0
250 0
270 0
290 0
310 0
330 0
350 0
370 0
390 0
410 0
430 0
450 0
470 0
490 0
510 0
530 0
550 0
570 0
590 0
610 0
630 0
650 0
670 0
690 0
710 0
730 0
750 0
770 0
790 0
810 0
830 0
850 0
870 0
890 0
910 0
930 0
950 0
970 0
990 0
1010 0
1030 0
1050 0
1070 0
1090 0
1110 0
1130 0
1150 0
1170 0
1190 0
1210 0
1230 0
1250 0
1270 0
1290 0
1310 0
1330 0
1350 0
1370 0
1390 0
1410 0
1430 0
1450 0
1470 0
1490 0
1510 0
1530 0
1550 0
1570 0
1590 0
1610 0
1630 0
1650 0
1670 0
1690 0
1710 0
1730 0
1750 0
1770 0
1790 0
1810 0
1830 0
1850 0
1870 0
1890 0
1910 0
1930 0
1950 0
1970 0
1990 0
2010 0
2030 0
2050 0
2070 0
2090 0
2110 0
2130 0
2150 0
2170 0
2190 0
2210 0
2230 0
2250 0
2270 0
2290 0
2310 0
2330 0
2350 0
2370 0
2390 0
2410 0
2430 0
2450 0
2470 0
2490 0
2510 0
2530 0
2550 0
2570 0
2590 0
2610 0
2630 0
2650 0
2670 0
2690 0
2710 0
2730 0
2750 0
2770 0
2790 0
2810 0
2830 0
2850 0
2870 0
2890 0
2910 0
2930 0
2950 0
2970 0
2990 0
3010 0
3030 0
3050 0
3070 0
3090 0
3110 0
3130 0
3150 0
3170 0
3190 0
3210 0
3230 0
3250 0
3270 0
3290 0
3310 0
3330 0
3350 0
3370 0
3390 0
3410 0
3430 0
3450 0
3470 0
3490 0
3510 0
3530 0
3550 0
3570 0
3590 0
3610 0
3630 0
3650 0
3670 0
3690 0
3710 0
3730 0
3750 0
3770 0
3790 0
3810 0
3830 0
3850 0
3870 0
3890 0
3910 0
3930 0
3950 0
3970 0
3990 0
4010 0
4030 0
4050 0
4070 0
4090 0
4110 0
4130 0
4150 0
4170 0
4190 0
4210 0
4230 0
4250 0
4270 0
4290 0
4310 0
4330 0
4350 0
4370 0
4390 0
4410 0
4430 0
4450 0
4470 0
4490 0
4510 0
4530 0
4550 0
4570 0
4590 0
4610 0
4630 0
4650 0
4670 0
4690 0
4710 0
4730 0
4750 0
4770 0
4790 0
4810 0
4830 0
4850 0
4870 0
4890 0
4910 0
4930 0
4950 0
4970 0
4990 0
5010 0
5030 0
5050 0
5070 0
5090 0
5110 0
5130 0
5150 0
5170 0
5190 0
5210 0
5230 0
5250 0
5270 0
5290 0
5310 0
5330 0
5350 0
5370 0
5390 0
5410 0
5430 0
5450 0
5470 0
5490 0
5510 0
5530 0
5550 0
5570 0
5590 0
5610 0
5630 0
5650 0
5670 0
5690 0
5710 0
5730 0
5750 0
5770 0
5790 0
5810 0
5830 0
5850 0
5870 0
5890 0
5910 0
5930 0
5950 0
5970 0
5990 6.31011e-12
6010 3.87234e-09
6030 3.86167e-09
6050 3.77998e-09
6070 3.72411e-09
6090 3.60892e-09
6110 3.50716e-09
6130 3.39197e-09
6150 3.33369e-09
6170 3.21265e-09
6190 3.12213e-09
6210 3.05019e-09
6230 2.96059e-09
6250 2.84161e-09
6270 2.7901e-09
6290 2.72757e-09
6310 2.65782e-09
6330 2.56018e-09
6350 2.5019e-09
6370 2.42193e-09
6390 2.33749e-09
6410 2.27428e-09
6430 2.19706e-09
6450 2.16253e-09
6470 2.10551e-09
6490 2.04803e-09
6510 1.98091e-09
6530 1.93892e-09
6550 1.88798e-09
6570 1.79609e-09
6590 1.7619e-09
6610 1.71566e-09
6630 1.66254e-09
6650 1.59749e-09
6670 1.55791e-09
6690 1.50249e-09
6710 1.48586e-09
6730 1.43779e-09
6750 1.40452e-09
6770 1.35633e-09
6790 1.33074e-09
6810 1.2821e-09
6830 1.26122e-09
6850 1.20167e-09
6870 1.15808e-09
6890 1.14569e-09
6910 1.12251e-09
6930 1.09601e-09
6950 1.05585e-09
6970 1.03119e-09
6990 1.00813e-09
7010 9.56153e-10
7030 9.17375e-10
7050 8.96494e-10
7070 8.80088e-10
7090 8.56913e-10
7110 8.19052e-10
7130 8.03678e-10
7150 7.83945e-10
7170 7.65129e-10
7190 7.6077e-10
7210 7.28531e-10
7230 6.98127e-10
7250 6.85507e-10
7270 6.47761e-10
7290 6.49482e-10
7310 6.23898e-10
7330 5.93609e-10
7350 5.90397e-10
7370 5.57928e-10
7390 5.41407e-10
7410 5.20871e-10
7430 4.98384e-10
7450 5.05268e-10
7470 4.85878e-10
7490 4.68898e-10
7510 4.55705e-10
7530 4.42511e-10
7550 4.24039e-10
7570 4.22433e-10
7590 4.08321e-10
7610 3.93865e-10
7630 3.91112e-10
7650 3.61282e-10
7670 3.65872e-10
7690 3.43958e-10
7710 3.38681e-10
7730 3.28585e-10
7750 3.21357e-10
7770 3.00246e-10
7790 2.87511e-10
7810 2.92674e-10
7830 2.75924e-10
7850 2.75924e-10
7870 2.59747e-10
7890 2.51945e-10
7910 2.32556e-10
7930 2.33933e-10
7950 2.31868e-10
7970 2.20624e-10
7990 2.20624e-10
